Filename	1	2	3	4	5	6	7	8	9	10
_Thai_F2_maa21-1	227.81564985705484	220.97678322010856	219.13384156997074	214.4510521262468	208.91096662643122	204.29462041457523	197.79356169844834	183.0926073612477	179.4774890614353	196.4889121071316
_Thai_F2_maa21-2	226.6387652555946	219.83097433900673	220.6355432373078	218.1280557371828	212.85686030624632	205.41536087901267	196.9977032375191	187.96224987042532	181.50600073013055	183.12124955622187
_Thai_F2_maa241-1	232.49613703976698	215.25396583614597	220.6543970872215	230.33240127513787	237.23931684872096	243.01629639895867	238.82173416878035	223.7375025787554	198.6082413034427	178.68108473751698
_Thai_F2_maa241-2	221.1374584483881	211.77532844231575	208.99334365977725	212.80350940210977	216.70307081965697	216.16435786456003	213.5296259067515	206.48219260193684	190.96001848749452	174.98802590139434
_Thai_F2_maa315-1	215.02159442883232	206.81083262744448	199.63031058072127	193.27305856769632	196.38686685652422	192.847475542543	190.320832732984	197.95851965127724	222.35557822793643	271.36913228713377
_Thai_F2_maa315-2	218.35151547154067	213.74900170927472	204.26575485697768	201.13245238145691	194.66237299888647	196.11421943483208	194.15775867879444	200.51173233363238	213.93163963158807	241.41356816722296
_Thai_F2_maa33-1	208.20328962482697	209.72720136109461	216.8530999106969	219.55753474120644	219.88319134566385	218.37244397295285	215.51760214523352	213.788520350506	205.02650321146012	181.2542296675209
_Thai_F2_maa33-2	218.54186298573833	221.37524464753568	220.37973754396822	221.8885245950908	223.04844856862493	222.47334803996299	220.8530399527697	216.59213939164331	210.35978477889196	197.115050721453
_Thai_F2_maa45-1	228.5532425707034	219.04922770848643	215.10404391183087	214.05980604517458	212.6308945869412	214.7929152920431	223.82409902735716	240.88033820766418	252.3243273222743	232.78025823226204
_Thai_F2_maa45-2	225.3671188685958	215.74263554383873	215.05347056923748	216.19921611684913	217.10712135369326	218.9483976144663	223.26514643390783	226.80574294015022	235.28898677477545	249.62949013575232
_Thai_F2_mii21-1	211.30313080598071	213.43294057440704	219.91429230098407	218.43259059231838	211.34951849202716	197.56796061360055	185.375802259516	177.4514367978059	174.58538518047524	185.61017465651466
_Thai_F2_mii21-2	220.01486395244842	213.13357158118365	211.82708049137585	206.83278312114965	199.60983215949676	192.23015992541616	185.7777135843626	180.22025370099328	181.22214890660592	177.81813803686745
_Thai_F2_mii241-1	233.74258226322965	235.9146238212423	249.82947681971729	256.4315941192339	260.3425156151617	262.03455748786814	256.37646977491056	244.56299215529174	218.7368811553743	177.01112464652067
_Thai_F2_mii241-2	233.31073633403616	230.6602363323961	243.29019298362047	248.65664472325804	249.68136023244057	245.30211130681187	239.63916020120294	223.61068714105855	188.6984861213703	148.72789823683797
_Thai_F2_mii315-1	233.52906559466297	223.52543629807016	221.24997913977194	217.4039032191468	212.0941894028913	204.35348714374726	204.60893224008225	217.914643929288	248.31996562171489	297.59718734593895
_Thai_F2_mii315-2	217.88373324311092	207.5449259246821	204.47125166205086	195.6354846983111	192.80588501292326	191.6589577337262	196.2430667663966	216.5498503006742	251.83630720442937	294.4650328171508
_Thai_F2_mii33-1	223.40005210074779	224.95391585766714	229.28858336795793	229.83010605908336	229.1594659781037	228.0056584083416	227.04609495183914	223.9446115952554	210.85702309517936	189.35017738645544
_Thai_F2_mii33-2	217.08874716368373	217.48224703926186	221.45956645546264	223.35211696751182	222.42177903656858	220.17997533023458	219.82011477865697	215.60362729891054	202.68190702099176	180.33701502069266
_Thai_F2_mii45-1	246.76803424428724	229.26818888954776	232.82326810049233	234.2802063003964	234.52141550607547	239.3189026954515	249.24064726552248	266.33588119371007	283.0561320738854	270.1801770535695
_Thai_F2_mii45-2	223.3531117055535	219.74246762431915	223.53891720514224	225.09955273601346	226.8270866246972	234.9155172616138	244.037231265954	256.3802584751878	271.73762319063826	263.53230675498463
_Thai_F4_maa21-1	207.95626053991947	209.4875413550885	211.80576771225117	205.13554822614321	196.4505884749358	188.75738649775113	185.95668050547388	178.28800991596083	172.84355898833581	168.9430897938429
_Thai_F4_maa21-2	200.4528369349447	206.050881576638	210.34483074302238	206.63574723083337	196.78886269894448	184.68514505963333	179.9781911268689	175.47455843869128	170.87539156013003	167.79383038036747
_Thai_F4_maa241-1	218.01560039183207	237.94851437512352	252.80852092988778	260.6060813820904	264.49573297730535	264.3128249582747	259.9352063083446	248.17369706270702	215.11608131269864	191.85138708592612
_Thai_F4_maa241-2	224.8288513863693	232.29915584883406	249.3055076928938	255.77891520547612	255.85681878013887	253.38129008656932	248.99478463276358	229.19386197205984	191.5899493497803	187.4655072542256
_Thai_F4_maa315-1	201.87353265745028	205.58918126659765	199.49045801885399	187.87089691381797	180.04143809914996	178.8096332269555	179.98208949366474	182.39284668817578	189.27592504682835	230.2224298404963
_Thai_F4_maa315-2	206.10096681394205	210.74093463040177	212.9185235861661	200.7509956202139	188.4868799125734	184.73827736786438	182.8984194533596	183.37494273852622	200.62917859620697	243.5167004725933
_Thai_F4_maa33-1	210.87914917488922	214.20782979897916	210.68182267375607	207.85841376763423	207.22522133335642	206.40200319246122	207.1755551854163	206.4023217468405	199.89845607396532	185.21325307394596
_Thai_F4_maa33-2	210.37857431008698	215.7176717320038	219.9507374904876	219.24075036640858	218.5712127159638	222.7632248583598	224.7320574527023	222.13913848774845	211.10161193315125	191.61389590329128
_Thai_F4_maa45-1	214.25159550483875	221.61349431016973	221.54474365961	218.01521420712385	215.34099205287757	212.112661400497	216.69516854703275	230.80174794340877	247.8118642971531	249.3239290833734
_Thai_F4_maa45-2	211.90991738801884	221.27460787842236	223.27541628820913	221.1280416028662	218.95369653410393	219.69572427779843	225.25864178252698	233.37963905993337	252.28791037286672	261.0087029920188
_Thai_F4_mii21-1	199.56903049191538	208.75550414398128	225.2981129605225	224.39415110562118	214.57470645786344	201.6913044190642	196.07369562142048	187.03994620897873	179.97784124378705	173.48801945936057
_Thai_F4_mii21-2	208.56016595867425	215.8950949173412	229.73877025589238	222.44421485172802	214.88403119715952	206.5747137358139	195.55341187959738	188.6798323965777	180.24850226115663	174.4860221033002
_Thai_F4_mii241-1	229.2791252092583	245.70890668439944	267.2456308708517	281.49205614183103	290.20474804624337	289.834489179081	280.191520328057	260.2573061500305	212.39301459145582	168.63110140615467
_Thai_F4_mii241-2	246.86741998414442	251.56122738559756	279.61381276703906	298.73582283672914	306.5648225529552	302.07155247326466	291.33634372560493	256.2930313279961	191.94237836584463	190.26037927697334
_Thai_F4_mii315-1	202.3223440904148	208.14855295152995	217.51693002189413	209.0901481673115	196.30178236531447	189.53814884885523	189.6884526090542	196.68982164528606	220.41095438496149	267.8895769855139
_Thai_F4_mii315-2	212.21775100279785	219.26199047091637	220.19938689444174	211.0472315287184	205.2959946280446	203.63847852792338	207.2869378636429	216.6525622219642	244.6805729939711	293.7400077746246
_Thai_F4_mii33-1	240.04207269107482	237.62086391886498	243.2313837738571	241.99067794897644	242.14138088817495	240.28067307244896	239.29790050480457	239.59689684686705	220.92433908844856	172.21322462551802
_Thai_F4_mii33-2	227.75049614855004	226.82054334890003	238.00245269260432	239.93094771789666	235.67718601067614	237.1753086401234	239.61150890652465	234.39596888811482	214.34085021277892	169.3161526963725
_Thai_F4_mii45-1	204.21535383485667	212.78070503276487	225.08312910387767	225.18059079812645	223.28054262408708	223.8652283044942	228.74826126022325	242.061444498759	259.7690117001135	310.80227989839017
_Thai_F4_mii45-2	213.3296686044015	216.3882161453804	227.9161014156431	226.11569673058472	223.84000264652232	221.3523850857544	226.4834463474469	245.31756702377075	270.2592402872203	343.06855361799165
